-1 0.9 0.9 0.9
0.0 0.912243723097 0.575612621495 0.643955242772
0.001 0.912069331711 0.575900189401 0.642294469391
0.002 0.911887270736 0.576191245571 0.640632008998
0.003 0.911697559825 0.576485762869 0.638967906119
0.004 0.911500218607 0.576783714084 0.637302205459
0.005 0.911295266672 0.577085071943 0.635634951903
0.006 0.911082723583 0.577389809112 0.633966190525
0.007 0.910862608864 0.577697898198 0.63229596659
0.008 0.910634942005 0.578009311757 0.630624325555
0.009 0.910399742458 0.578324022293 0.628951313078
0.01 0.910157029638 0.578642002267 0.627276975018
0.011 0.90990682292 0.578963224096 0.625601357444
0.012 0.909649141639 0.579287660163 0.623924506632
0.013 0.909384005085 0.579615282812 0.622246469077
0.014 0.909111432509 0.579946064362 0.620567291493
0.015 0.908831443115 0.5802799771 0.618887020818
0.016 0.908544056064 0.580616993295 0.617205704219
0.017 0.908249290468 0.580957085192 0.615523389099
0.018 0.907947165394 0.581300225022 0.613840123096
0.019 0.907637699857 0.581646385005 0.612155954094
0.02 0.907320912826 0.58199553735 0.610470930225
0.021 0.906996823217 0.582347654259 0.608785099872
0.022 0.906665449894 0.582702707935 0.60709851168
0.023 0.906326811669 0.583060670579 0.605411214555
0.024 0.9059809273 0.583421514398 0.603723257671
0.025 0.905627815488 0.583785211604 0.602034690476
0.026 0.90526749488 0.584151734422 0.6003455627
0.027 0.904899984066 0.584521055089 0.598655924354
0.028 0.904525301577 0.584893145859 0.596965825741
0.029 0.904143465887 0.585267979004 0.59527531746
0.03 0.903754495406 0.58564552682 0.593584450409
0.031 0.903358408487 0.586025761629 0.591893275797
0.032 0.90295522342 0.586408655779 0.590201845143
0.033 0.902544958431 0.586794181649 0.588510210285
0.034 0.902127631685 0.587182311655 0.586818423388
0.035 0.90170326128 0.587573018244 0.585126536946
0.036 0.90127186525 0.587966273907 0.58343460379
0.037 0.900833461561 0.588362051174 0.581742677094
0.038 0.900388068114 0.588760322619 0.580050810385
0.039 0.899935702741 0.589161060862 0.578359057541
0.04 0.899476383204 0.589564238575 0.576667472805
0.041 0.899010127198 0.589969828478 0.574976110788
0.042 0.898536952345 0.590377803347 0.573285026479
0.043 0.898056876197 0.590788136013 0.571594275245
0.044 0.897569916233 0.591200799364 0.569903912845
0.045 0.897076089861 0.591615766353 0.568213995433
0.046 0.896575414413 0.59203300999 0.566524579565
0.047 0.896067907148 0.592452503353 0.564835722207
0.048 0.89555358525 0.592874219587 0.563147480742
0.049 0.895032465826 0.593298131904 0.561459912975
0.05 0.894504565909 0.593724213589 0.559773077145
0.051 0.893969902451 0.594152437997 0.558087031927
0.052 0.893428492329 0.59458277856 0.556401836442
0.053 0.89288035234 0.595015208784 0.554717550264
0.054 0.892325499202 0.595449702257 0.553034233428
0.055 0.891763949553 0.595886232643 0.551351946434
0.056 0.891195719951 0.596324773689 0.549670750261
0.057 0.890620826871 0.596765299226 0.54799070637
0.058 0.890039286708 0.597207783168 0.546311876712
0.059 0.889451115773 0.597652199519 0.544634323736
0.06 0.888856330294 0.598098522366 0.542958110399
0.061 0.888254946416 0.59854672589 0.541283300172
0.062 0.8876469802 0.59899678436 0.539609957046
0.063 0.887032447621 0.599448672138 0.537938145544
0.064 0.886411364567 0.59990236368 0.536267930728
0.065 0.885783746845 0.600357833536 0.534599378202
0.066 0.885149610169 0.600815056354 0.532932554128
0.067 0.884508970171 0.601274006876 0.53126752523
0.068 0.883861842392 0.601734659947 0.529604358799
0.069 0.883208242286 0.602196990508 0.527943122709
0.07 0.88254818522 0.602660973602 0.526283885418
0.071 0.881881686468 0.603126584375 0.52462671598
0.072 0.881208761217 0.603593798075 0.522971684052
0.073 0.880529424563 0.604062590054 0.521318859903
0.074 0.879843691512 0.604532935769 0.51966831442
0.075 0.879151576977 0.605004810782 0.518020119121
0.076 0.878453095782 0.605478190762 0.516374346158
0.077 0.877748262657 0.605953051488 0.514731068328
0.078 0.87703709224 0.606429368843 0.513090359082
0.079 0.876319599075 0.606907118823 0.511452292532
0.08 0.875595797615 0.607386277532 0.509816943457
0.081 0.874865702218 0.607866821184 0.508184387316
0.082 0.874129327148 0.608348726106 0.506554700253
0.083 0.873386686573 0.608831968735 0.504927959106
0.084 0.872637794567 0.609316525623 0.503304241415
0.085 0.871882665111 0.609802373433 0.501683625429
0.086 0.871121312086 0.610289488943 0.500066190115
0.087 0.87035374928 0.610777849043 0.498452015167
0.088 0.869579990383 0.61126743074 0.496841181012
0.089 0.86880004899 0.611758211156 0.495233768818
0.09 0.868013938596 0.612250167526 0.493629860503
0.091 0.867221672601 0.612743277204 0.49202953874
0.092 0.866423264307 0.613237517659 0.490432886967
0.093 0.865618726916 0.613732866475 0.488839989393
0.094 0.864808073534 0.614229301357 0.487250931006
0.095 0.863991317166 0.614726800123 0.48566579758
0.096 0.86316847072 0.615225340711 0.484084675679
0.097 0.862339547003 0.615724901176 0.482507652668
0.098 0.861504558723 0.61622545969 0.480934816719
0.099 0.860663518488 0.616726994546 0.479366256814
0.1 0.859816438808 0.617229484151 0.477802062753
0.101 0.858963332088 0.617732907035 0.476242325162
0.102 0.858104210637 0.618237241842 0.474687135497
0.103 0.857239086659 0.618742467338 0.473136586048
0.104 0.856367972261 0.619248562407 0.471590769947
0.105 0.855490879445 0.619755506049 0.470049781171
0.106 0.854607820113 0.620263277386 0.468513714549
0.107 0.853718806065 0.620771855658 0.466982665764
0.108 0.852823848999 0.621281220223 0.465456731358
0.109 0.85192296051 0.621791350556 0.463936008736
0.11 0.851016152091 0.622302226254 0.462420596171
0.111 0.850103435133 0.622813827029 0.460910592805
0.112 0.849184820922 0.623326132715 0.45940609865
0.113 0.848260320644 0.623839123261 0.457907214596
0.114 0.847329945378 0.624352778734 0.456414042407
0.115 0.846393706104 0.624867079323 0.454926684729
0.116 0.845451613693 0.625382005329 0.453445245083
0.117 0.844503678917 0.625897537174 0.451969827873
0.118 0.843549912441 0.626413655397 0.450500538382
0.119 0.842590324827 0.626930340653 0.449037482773
0.12 0.841624926533 0.627447573714 0.447580768088
0.121 0.840653727912 0.62796533547 0.446130502248
0.122 0.839676739213 0.628483606924 0.444686794047
0.123 0.838693970579 0.629002369198 0.443249753154
0.124 0.83770543205 0.629521603528 0.441819490109
0.125 0.836711133559 0.630041291266 0.440396116315
0.126 0.835711084935 0.630561413878 0.43897974404
0.127 0.834705295902 0.631081952945 0.437570486407
0.128 0.833693776079 0.631602890162 0.436168457391
0.129 0.832676534977 0.632124207339 0.434773771811
0.13 0.831653582005 0.632645886397 0.433386545325
0.131 0.830624926463 0.633167909371 0.432006894418
0.132 0.829590577548 0.63369025841 0.430634936397
0.133 0.828550544349 0.634212915774 0.429270789382
0.134 0.827504835851 0.634735863832 0.42791457229
0.135 0.82645346093 0.635259085069 0.42656640483
0.136 0.825396428359 0.635782562077 0.42522640749
0.137 0.824333746804 0.63630627756 0.42389470152
0.138 0.823265424822 0.636830214331 0.422571408922
0.139 0.822191470868 0.637354355311 0.421256652434
0.14 0.821111893287 0.637878683533 0.419950555514
0.141 0.820026700319 0.638403182135 0.418653242323
0.142 0.818935900097 0.638927834364 0.417364837708
0.143 0.817839500648 0.639452623574 0.416085467184
0.144 0.816737509891 0.639977533225 0.414815256911
0.145 0.815629935639 0.640502546883 0.413554333677
0.146 0.814516785599 0.64102764822 0.412302824872
0.147 0.813398067369 0.641552821013 0.411060858469
0.148 0.812273788443 0.642078049142 0.409828562997
0.149 0.811143956205 0.642603316591 0.408606067517
0.15 0.810008577933 0.643128607448 0.407393501594
0.151 0.8088676608 0.643653905902 0.406190995271
0.152 0.807721211868 0.644179196246 0.404998679038
0.153 0.806569238096 0.644704462871 0.403816683806
0.154 0.805411746333 0.645229690272 0.402645140871
0.155 0.804248743321 0.645754863041 0.401484181882
0.156 0.803080235697 0.646279965872 0.400333938812
0.157 0.801906229988 0.646804983554 0.399194543916
0.158 0.800726732615 0.647329900978 0.398066129702
0.159 0.799541749892 0.64785470313 0.396948828887
0.16 0.798351288025 0.648379375093 0.395842774361
0.161 0.797155353113 0.648903902046 0.394748099149
0.162 0.795953951147 0.649428269265 0.393664936365
0.163 0.794747088012 0.649952462118 0.392593419173
0.164 0.793534769485 0.650476466069 0.391533680742
0.165 0.792317001234 0.651000266675 0.390485854202
0.166 0.791093788821 0.651523849584 0.389450072594
0.167 0.789865137702 0.652047200539 0.388426468826
0.168 0.788631053222 0.652570305371 0.387415175624
0.169 0.787391540622 0.653093150004 0.38641632548
0.17 0.786146605034 0.653615720452 0.3854300506
0.171 0.784896251482 0.654138002815 0.384456482857
0.172 0.783640484884 0.654659983286 0.383495753731
0.173 0.782379310048 0.655181648141 0.382547994256
0.174 0.781112731678 0.655702983748 0.381613334967
0.175 0.779840754367 0.656223976559 0.380691905841
0.176 0.778563382604 0.65674461311 0.379783836238
0.177 0.777280620767 0.657264880024 0.378889254844
0.178 0.775992473128 0.657784764008 0.37800828961
0.179 0.774698943853 0.658304251854 0.377141067691
0.18 0.773400036999 0.658823330433 0.376287715387
0.181 0.772095756514 0.659341986701 0.375448358075
0.182 0.770786106242 0.659860207695 0.374623120152
0.183 0.769471089916 0.660377980533 0.373812124965
0.184 0.768150711165 0.660895292411 0.373015494751
0.185 0.766824973506 0.661412130606 0.37223335057
0.186 0.765493880353 0.661928482473 0.371465812238
0.187 0.76415743501 0.662444335446 0.370712998262
0.188 0.762815640673 0.662959677033 0.369975025773
0.189 0.761468500433 0.663474494821 0.36925201046
0.19 0.760116017271 0.663988776473 0.368544066498
0.191 0.758758194062 0.664502509724 0.367851306489
0.192 0.757395033572 0.665015682386 0.367173841385
0.193 0.756026538461 0.665528282343 0.366511780426
0.194 0.75465271128 0.666040297553 0.365865231071
0.195 0.753273554475 0.666551716044 0.365234298931
0.196 0.75188907038 0.667062525918 0.364619087701
0.197 0.750499261226 0.667572715345 0.364019699092
0.198 0.749104129134 0.668082272567 0.363436232766
0.199 0.747703676117 0.668591185893 0.36286878627
0.2 0.746297904083 0.669099443702 0.362317454971
0.201 0.744886814829 0.669607034441 0.361782331988
0.202 0.743470410048 0.670113946622 0.361263508132
0.203 0.742048691321 0.670620168827 0.36076107184
0.204 0.740621660126 0.671125689699 0.360275109113
0.205 0.739189317829 0.67163049795 0.359805703458
0.206 0.737751665692 0.672134582354 0.359352935824
0.207 0.736308704866 0.672637931748 0.358916884544
0.208 0.734860436398 0.673140535033 0.358497625282
0.209 0.733406861223 0.673642381173 0.358095230969
0.21 0.731947980171 0.67414345919 0.357709771756
0.211 0.730483793964 0.674643758171 0.357341314958
0.212 0.729014303215 0.67514326726 0.356989925003
0.213 0.727539508429 0.675641975661 0.356655663382
0.214 0.726059410005 0.676139872637 0.356338588604
0.215 0.724574008231 0.676636947509 0.356038756148
0.216 0.72308330329 0.677133189654 0.355756218421
0.217 0.721587295255 0.677628588508 0.355491024716
0.218 0.720085984092 0.67812313356 0.355243221173
0.219 0.718579369657 0.678616814356 0.355012850746
0.22 0.717067451699 0.679109620497 0.354799953159
0.221 0.71555022986 0.679601541636 0.354604564886
0.222 0.714027703672 0.68009256748 0.354426719111
0.223 0.712499872557 0.680582687789 0.354266445708
0.224 0.710966735833 0.681071892374 0.354123771213
0.225 0.709428292705 0.681560171099 0.353998718804
0.226 0.707884542272 0.682047513876 0.353891308278
0.227 0.706335483522 0.682533910668 0.35380155604
0.228 0.704781115337 0.683019351488 0.353729475086
0.229 0.703221436489 0.683503826396 0.353675074991
0.23 0.701656445639 0.683987325502 0.353638361904
0.231 0.700086141342 0.68446983896 0.353619338538
0.232 0.698510522041 0.684951356975 0.353618004173
0.233 0.696929586073 0.685431869793 0.353634354652
0.234 0.695343331662 0.68591136771 0.353668382383
0.235 0.693751756925 0.686389841064 0.353720076349
0.236 0.692154859867 0.686867280237 0.353789422115
0.237 0.690552638387 0.687343675656 0.353876401835
0.238 0.68894509027 0.68781901779 0.353980994273
0.239 0.687332213194 0.688293297149 0.354103174816
0.24 0.685714004724 0.688766504288 0.354242915493
0.241 0.684090462318 0.6892386298 0.354400184998
0.242 0.68246158332 0.689709664318 0.354574948717
0.243 0.680827364967 0.690179598517 0.35476716875
0.244 0.679187804381 0.69064842311 0.354976803946
0.245 0.677542898577 0.691116128849 0.355203809935
0.246 0.675892644457 0.691582706524 0.35544813916
0.247 0.674237038811 0.69204814696 0.355709740914
0.248 0.672576078319 0.692512441024 0.355988561383
0.249 0.670909759548 0.692975579613 0.356284543685
0.25 0.669238078954 0.693437553665 0.356597627915
0.251 0.66756103288 0.69389835415 0.356927751188
0.252 0.665878617558 0.694357972072 0.357274847691
0.253 0.664190829105 0.694816398472 0.35763884873
0.254 0.662497663528 0.695273624422 0.358019682782
0.255 0.660799116718 0.695729641027 0.358417275548
0.256 0.659095184456 0.696184439425 0.358831550009
0.257 0.657385862406 0.696638010784 0.359262426482
0.258 0.655671146121 0.697090346305 0.359709822677
0.259 0.653951031038 0.697541437219 0.360173653756
0.26 0.65222551248 0.697991274786 0.360653832396
0.261 0.650494585656 0.698439850298 0.361150268847
0.262 0.648758245659 0.698887155073 0.361662870999
0.263 0.647016487468 0.699333180459 0.362191544442
0.264 0.645269305944 0.699777917832 0.362736192531
0.265 0.643516695835 0.700221358594 0.363296716455
0.266 0.64175865177 0.700663494176 0.363873015298
0.267 0.639995168262 0.701104316034 0.36446498611
0.268 0.638226239709 0.70154381565 0.36507252397
0.269 0.636451860389 0.70198198453 0.365695522058
0.27 0.634672024462 0.702418814208 0.366333871719
0.271 0.632886725973 0.702854296239 0.366987462533
0.272 0.631095958844 0.703288422205 0.367656182385
0.273 0.629299716881 0.703721183707 0.368339917529
0.274 0.62749799377 0.704152572374 0.369038552659
0.275 0.625690783075 0.704582579852 0.369751970977
0.276 0.623878078243 0.705011197814 0.370480054262
0.277 0.622059872597 0.705438417952 0.371222682936
0.278 0.62023615934 0.705864231977 0.371979736129
0.279 0.618406931553 0.706288631624 0.372751091754
0.28 0.616572182195 0.706711608646 0.373536626563
0.281 0.6147319041 0.707133154816 0.374336216222
0.282 0.612886089982 0.707553261925 0.375149735372
0.283 0.611034732426 0.707971921786 0.375977057693
0.284 0.609177823898 0.708389126225 0.376818055969
0.285 0.607315356734 0.708804867091 0.377672602153
0.286 0.605447323146 0.709219136246 0.378540567428
0.287 0.603573715221 0.709631925573 0.379421822265
0.288 0.601694524915 0.710043226967 0.380316236489
0.289 0.59980974406 0.710453032342 0.381223679337
0.29 0.597919364357 0.710861333627 0.382144019512
0.291 0.596023377379 0.711268122766 0.383077125249
0.292 0.594121774567 0.711673391718 0.384022864363
0.293 0.592214547235 0.712077132456 0.384981104308
0.294 0.590301686562 0.712479336966 0.385951712234
0.295 0.588383183597 0.712879997251 0.386934555033
0.296 0.586459029253 0.713279105323 0.387929499397
0.297 0.584529214312 0.713676653209 0.388936411866
0.298 0.582593729421 0.714072632948 0.389955158878
0.299 0.580652565088 0.714467036591 0.390985606816
0.3 0.578705711689 0.714859856201 0.392027622057
0.301 0.576753159458 0.715251083852 0.393081071013
0.302 0.574794898495 0.715640711628 0.394145820184
0.303 0.572830918757 0.716028731625 0.39522173619
0.304 0.570861210062 0.716415135948 0.396308685822
0.305 0.568885762086 0.716799916713 0.397406536078
0.306 0.566904564363 0.717183066044 0.398515154202
0.307 0.564917606282 0.717564576075 0.399634407725
0.308 0.562924877089 0.717944438949 0.400764164497
0.309 0.560926365883 0.718322646817 0.401904292727
0.31 0.558922061617 0.718699191838 0.403054661015
0.311 0.556911953093 0.719074066179 0.404215138384
0.312 0.554896028965 0.719447262015 0.405385594314
0.313 0.552874277738 0.719818771526 0.406565898768
0.314 0.550846687761 0.720188586902 0.407755922227
0.315 0.548813247232 0.720556700336 0.408955535715
0.316 0.546773944193 0.720923104032 0.410164610823
0.317 0.544728766531 0.721287790194 0.411383019741
0.318 0.542677701973 0.721650751036 0.412610635275
0.319 0.540620738088 0.722011978776 0.413847330878
0.32 0.538557862283 0.722371465637 0.415092980665
0.321 0.536489061805 0.722729203846 0.41634745944
0.322 0.534414323733 0.723085185636 0.41761064271
0.323 0.532333634984 0.723439403242 0.41888240671
0.324 0.530246982304 0.723791848906 0.420162628418
0.325 0.528154352272 0.72414251487 0.421451185569
0.326 0.526055731296 0.724491393383 0.422747956678
0.327 0.523951105609 0.724838476696 0.424052821048
0.328 0.521840461271 0.72518375706 0.425365658786
0.329 0.519723784163 0.725527226733 0.42668635082
0.33 0.517601059989 0.725868877973 0.428014778904
0.331 0.515472274271 0.726208703041 0.429350825635
0.332 0.513337412349 0.7265466942 0.430694374462
0.333 0.511196459375 0.726882843713 0.432045309692
0.334 0.509049400317 0.727217143847 0.433403516505
0.335 0.506896219949 0.727549586869 0.434768880956
0.336 0.504736902856 0.727880165047 0.436141289985
0.337 0.502571433426 0.728208870651 0.437520631426
0.338 0.500399795851 0.728535695951 0.438906794005
0.339 0.498221974122 0.728860633216 0.440299667354
0.34 0.496037952029 0.729183674718 0.441699142009
0.341 0.493847713156 0.729504812728 0.443105109416
0.342 0.491651240876 0.729824039516 0.444517461933
0.343 0.489448518356 0.730141347353 0.445936092836
0.344 0.487239528545 0.730456728509 0.447360896315
0.345 0.485024254177 0.730770175254 0.448791767479
0.346 0.482802677765 0.731081679856 0.450228602359
0.347 0.480574781598 0.731391234584 0.451671297902
0.348 0.478340547739 0.731698831704 0.453119751974
0.349 0.476099958021 0.732004463483 0.454573863361
0.35 0.473852994042 0.732308122185 0.456033531766
0.351 0.471599637163 0.732609800073 0.457498657804
0.352 0.469339868506 0.732909489408 0.458969143008
0.353 0.467073668944 0.733207182451 0.460444889818
0.354 0.464801019105 0.73350287146 0.461925801582
0.355 0.462521899362 0.73379654869 0.463411782554
0.356 0.460236289831 0.734088206396 0.464902737887
0.357 0.457944170367 0.734377836829 0.46639857363
0.358 0.455645520558 0.734665432241 0.467899196728
0.359 0.453340319723 0.734950984877 0.46940451501
0.36 0.451028546906 0.735234486984 0.470914437188
0.361 0.448710180868 0.735515930803 0.472428872852
0.362 0.44638520009 0.735795308576 0.473947732466
0.363 0.444053582758 0.736072612539 0.475470927358
0.364 0.441715306765 0.736347834928 0.476998369715
0.365 0.439370349703 0.736620967974 0.478529972582
0.366 0.437018688858 0.736892003907 0.480065649848
0.367 0.434660301202 0.737160934954 0.481605316245
0.368 0.432295163391 0.737427753338 0.483148887338
0.369 0.429923251755 0.737692451281 0.484696279521
0.37 0.427544542295 0.737955020999 0.486247410007
0.371 0.425159010671 0.738215454709 0.487802196821
0.372 0.422766632204 0.738473744622 0.489360558795
0.373 0.420367381861 0.738729882948 0.490922415558
0.374 0.417961234253 0.738983861892 0.492487687528
0.375 0.415548163622 0.739235673658 0.494056295909
0.376 0.413128143842 0.739485310447 0.495628162675
0.377 0.410701148401 0.739732764455 0.49720321057
0.378 0.408267150402 0.739978027877 0.498781363094
0.379 0.405826122549 0.740221092905 0.500362544498
0.38 0.403378037139 0.740461951728 0.501946679775
0.381 0.400922866056 0.740700596531 0.503533694652
0.382 0.398460580758 0.740937019498 0.505123515581
0.383 0.395991152271 0.74117121281 0.506716069732
0.384 0.393514551175 0.741403168643 0.50831128498
0.385 0.391030747599 0.741632879175 0.509909089905
0.386 0.388539711207 0.741860336577 0.511509413775
0.387 0.386041411187 0.742085533019 0.513112186542
0.388 0.383535816241 0.742308460671 0.514717338833
0.389 0.381022894573 0.742529111697 0.51632480194
0.39 0.378502613879 0.742747478262 0.517934507814
0.391 0.37597494133 0.742963552527 0.519546389053
0.392 0.373439843563 0.743177326652 0.521160378895
0.393 0.370897286667 0.743388792794 0.522776411213
0.394 0.368347236168 0.743597943111 0.524394420499
0.395 0.365789657016 0.743804769755 0.526014341863
0.396 0.36322451357 0.744009264882 0.527636111019
0.397 0.360651769582 0.744211420642 0.52925966428
0.398 0.358071388183 0.744411229187 0.530884938548
0.399 0.355483331863 0.744608682666 0.532511871306
0.4 0.352887562458 0.744803773229 0.534140400609
0.401 0.350284041131 0.744996493024 0.535770465077
0.402 0.347672728352 0.745186834198 0.537402003885
0.403 0.345053583882 0.745374788901 0.539034956756
0.404 0.342426566752 0.745560349278 0.540669263953
0.405 0.33979163524 0.745743507479 0.542304866269
0.406 0.337148746854 0.74592425565 0.543941705023
0.407 0.33449785831 0.746102585942 0.545579722045
0.408 0.331838925505 0.746278490503 0.547218859676
0.409 0.329171903496 0.746451961484 0.548859060753
0.41 0.326496746476 0.746622991037 0.550500268606
0.411 0.323813407747 0.746791571315 0.55214242705
0.412 0.321121839693 0.746957694472 0.553785480373
0.413 0.318421993756 0.747121352667 0.555429373331
0.414 0.3157138204 0.747282538058 0.557074051143
0.415 0.312997269089 0.747441242807 0.558719459479
0.416 0.310272288251 0.747597459078 0.560365544454
0.417 0.307538825244 0.74775117904 0.562012252623
0.418 0.304796826328 0.747902394864 0.563659530969
0.419 0.302046236625 0.748051098725 0.565307326899
0.42 0.299287000082 0.748197282801 0.566955588238
0.421 0.296519059436 0.748340939276 0.568604263218
0.422 0.29374235617 0.748482060338 0.570253300472
0.423 0.290956830474 0.74862063818 0.57190264903
0.424 0.288162421201 0.748756665001 0.573552258309
0.425 0.285359065819 0.748890133005 0.575202078106
0.426 0.282546700365 0.749021034401 0.576852058595
0.427 0.279725259397 0.749149361408 0.578502150313
0.428 0.276894675937 0.749275106247 0.580152304163
0.429 0.274054881421 0.749398261151 0.581802471398
0.43 0.27120580564 0.749518818357 0.583452603622
0.431 0.26834737668 0.749636770111 0.58510265278
0.432 0.265479520858 0.74975210867 0.58675257115
0.433 0.262602162661 0.749864826296 0.588402311341
0.434 0.259715224669 0.749974915262 0.590051826283
0.435 0.256818627492 0.750082367852 0.591701069226
0.436 0.253912289686 0.750187176357 0.593349993726
0.437 0.250996127679 0.750289333082 0.594998553646
0.438 0.248070055681 0.750388830341 0.596646703149
0.439 0.245133985603 0.75048566046 0.598294396688
0.44 0.242187826956 0.750579815777 0.599941589006
0.441 0.239231486763 0.750671288642 0.601588235125
0.442 0.236264869445 0.75076007142 0.603234290346
0.443 0.23328787672 0.750846156488 0.604879710238
0.444 0.230300407486 0.750929536236 0.606524450635
0.445 0.2273023577 0.75101020307 0.608168467634
0.446 0.224293620251 0.751088149412 0.609811717582
0.447 0.221274084822 0.751163367696 0.611454157079
0.448 0.218243637751 0.751235850377 0.613095742967
0.449 0.215202161877 0.751305589923 0.614736432328
0.45 0.21214953638 0.751372578821 0.616376182477
0.451 0.209085636612 0.751436809575 0.61801495096
0.452 0.206010333917 0.751498274709 0.619652695545
0.453 0.202923495438 0.751556966763 0.621289374223
0.454 0.199824983912 0.7516128783 0.622924945196
0.455 0.196714657458 0.751666001902 0.624559366878
0.456 0.193592369344 0.751716330171 0.62619259789
0.457 0.190457967738 0.751763855731 0.627824597053
0.458 0.187311295451 0.75180857123 0.629455323384
0.459 0.184152189655 0.751850469336 0.631084736094
0.46 0.180980481583 0.751889542742 0.632712794581
0.461 0.177795996209 0.751925784164 0.634339458428
0.462 0.174598551904 0.751959186346 0.635964687398
0.463 0.17138796007 0.751989742053 0.637588441427
0.464 0.168164024745 0.752017444079 0.639210680627
0.465 0.164926542174 0.752042285244 0.640831365275
0.466 0.161675300358 0.752064258397 0.642450455813
0.467 0.158410078556 0.752083356413 0.644067912842
0.468 0.155130646755 0.752099572199 0.64568369712
0.469 0.151836765096 0.752112898688 0.647297769559
0.47 0.148528183248 0.752123328848 0.648910091219
0.471 0.14520463974 0.752130855674 0.650520623304
0.472 0.141865861221 0.752135472197 0.652129327163
0.473 0.138511561668 0.752137171479 0.653736164282
0.474 0.13514144152 0.752135946615 0.655341096282
0.475 0.131755186723 0.752131790736 0.656944084916
0.476 0.128352467703 0.752124697008 0.658545092066
0.477 0.124932938228 0.752114658632 0.660144079741
0.478 0.121496234162 0.752101668848 0.661741010069
0.479 0.118041972097 0.752085720931 0.6633358453
0.48 0.114569747841 0.752066808198 0.6649285478
0.481 0.111079134749 0.752044924003 0.666519080047
0.482 0.107569681875 0.752020061742 0.668107404631
0.483 0.104040911919 0.751992214851 0.669693484248
0.484 0.100492318937 0.751961376809 0.671277281701
0.485 0.0969233657868 0.751927541137 0.672858759894
0.486 0.0933334812702 0.751890701402 0.674437881829
0.487 0.0897220569121 0.751850851214 0.676014610608
0.488 0.0860884433368 0.75180798423 0.677588909425
0.489 0.082431946163 0.751762094153 0.679160741566
0.49 0.0787518213425 0.751713174734 0.680730070408
0.491 0.0750472698434 0.751661219773 0.682296859412
0.492 0.0713174315596 0.75160622312 0.683861072128
0.493 0.0675613783037 0.751548178675 0.685422672184
0.494 0.0637781057028 0.751487080389 0.68698162329
0.495 0.0599665237789 0.751422922266 0.688537889236
0.496 0.0561254459356 0.751355698365 0.690091433884
0.497 0.0522535760057 0.751285402799 0.691642221172
0.498 0.0483494929127 0.751212029735 0.69319021511
0.499 0.0444116323813 0.7511355734 0.694735379777
0.5 0.0404380956695 0.751056028075 0.69627767932
0.501 0.0364788121374 0.750973388102 0.697817077952
0.502 0.0327198204739 0.750887647884 0.699353539951
0.503 0.029161759666 0.750798801882 0.700887029656
0.504 0.0258052629986 0.750706844622 0.702417511468
0.505 0.0226509579605 0.750611770691 0.703944949846
0.506 0.0196994661494 0.750513574741 0.705469309308
0.507 0.0169514031762 0.75041225149 0.706990554425
0.508 0.0144073785699 0.750307795722 0.708508649825
0.509 0.0120679956804 0.750200202288 0.710023560188
0.51 0.00993385158208 0.750089466109 0.711535250245
0.511 0.00800553697596 0.749975582175 0.713043684778
0.512 0.00628363609211 0.749858545549 0.714548828615
0.513 0.00476872659107 0.749738351363 0.716050646636
0.514 0.003461379465 0.749614994824 0.717549103761
0.515 0.00236215893836 0.749488471216 0.719044164961
0.516 0.00147162236811 0.749358775895 0.720535795248
0.517 0.000790320143526 0.749225904296 0.722023959674
0.518 0.000318795585526 0.749089851932 0.723508623338
0.519 5.75848456651e-05 0.748950614397 0.724989751376
0.52 7.21680465338e-06 0.748808187363 0.726467308964
0.521 0.000168212970574 0.748662566585 0.727941261317
0.522 0.000541087376672 0.748513747903 0.729411573688
0.523 0.00112634647882 0.748361727239 0.730878211366
0.524 0.00192448905261 0.748206500601 0.732341139677
0.525 0.00293600609017 0.748048064087 0.733800323981
0.526 0.00416138069664 0.74788641388 0.735255729675
0.527 0.00560108798632 0.747721546254 0.736707322187
0.528 0.00725559497859 0.747553457573 0.738155066979
0.529 0.00912536049353 0.747382144296 0.739598929547
0.53 0.0112108350474 0.747207602971 0.741038875419
0.531 0.0135124607475 0.747029830246 0.742474870152
0.532 0.0160306711875 0.746848822861 0.743906879336
0.533 0.0187658913419 0.746664577655 0.745334868592
0.534 0.0217185374606 0.746477091568 0.746758803571
0.535 0.0248890169634 0.746286361638 0.748178649952
0.536 0.0282777283342 0.746092385004 0.749594373445
0.537 0.031885061015 0.74589515891 0.75100593979
0.538 0.0357113952998 0.745694680704 0.752413314755
0.539 0.039757102229 0.745490947839 0.753816464136
0.54 0.0438760367437 0.745283957875 0.75521535376
0.541 0.047955349019 0.745073708482 0.756609949479
0.542 0.0520049747479 0.744860197439 0.758000217176
0.543 0.0560265043757 0.744643422638 0.759386122763
0.544 0.0600213767065 0.74442338208 0.760767632177
0.545 0.0639908986775 0.744200073884 0.762144711386
0.546 0.0679362618729 0.743973496284 0.763517326386
0.547 0.0718585564207 0.74374364763 0.764885443201
0.548 0.075758782766 0.743510526391 0.766249027883
0.549 0.0796378617094 0.743274131157 0.767608046514
0.55 0.0834966430175 0.743034460638 0.768962465204
0.551 0.0873359128465 0.742791513669 0.770312250092
0.552 0.0911564001788 0.742545289208 0.771657367348
0.553 0.0949587824262 0.742295786338 0.77299778317
0.554 0.0987436903332 0.742043004271 0.774333463786
0.555 0.102511712282 0.741786942349 0.775664375457
0.556 0.106263398092 0.741527600041 0.776990484471
0.557 0.109999262378 0.74126497695 0.778311757151
0.558 0.113719787537 0.740999072813 0.77962815985
0.559 0.117425426407 0.7407298875 0.780939658952
0.56 0.121116604646 0.740457421019 0.782246220876
0.561 0.124793722861 0.740181673516 0.783547812074
0.562 0.128457158526 0.739902645274 0.78484439903
0.563 0.132107267708 0.739620336719 0.786135948266
0.564 0.13574438663 0.73933474842 0.787422426335
0.565 0.13936883308 0.739045881088 0.788703799831
0.566 0.142980907697 0.73875373558 0.789980035381
0.567 0.14658089514 0.738458312903 0.79125109965
0.568 0.150169065152 0.738159614207 0.792516959343
0.569 0.15374567353 0.737857640797 0.793777581202
0.57 0.157310963018 0.737552394128 0.795032932011
0.571 0.160865164126 0.737243875806 0.796282978592
0.572 0.164408495874 0.736932087596 0.797527687813
0.573 0.167941166486 0.736617031415 0.79876702658
0.574 0.171463374029 0.736298709341 0.800000961846
0.575 0.174975306993 0.735977123609 0.801229460607
0.576 0.178477144842 0.735652276616 0.802452489906
0.577 0.181969058512 0.735324170922 0.803670016832
0.578 0.185451210879 0.734992809249 0.804882008521
0.579 0.188923757191 0.734658194487 0.806088432161
0.58 0.192386845473 0.73432032969 0.807289254986
0.581 0.195840616898 0.733979218083 0.808484444284
0.582 0.199285206141 0.73363486306 0.809673967396
0.583 0.202720741698 0.733287268188 0.810857791714
0.584 0.206147346199 0.732936437205 0.812035884688
0.585 0.209565136687 0.732582374026 0.813208213821
0.586 0.212974224884 0.73222508274 0.814374746678
0.587 0.216374717446 0.731864567615 0.815535450879
0.588 0.219766716194 0.731500833099 0.816690294105
0.589 0.223150318332 0.731133883819 0.817839244101
0.59 0.226525616661 0.730763724586 0.818982268672
0.591 0.229892699766 0.730390360393 0.82011933569
0.592 0.233251652204 0.730013796421 0.821250413091
0.593 0.236602554678 0.729634038035 0.822375468879
0.594 0.239945484194 0.729251090791 0.823494471128
0.595 0.243280514224 0.728864960433 0.824607387981
0.596 0.246607714842 0.728475652897 0.825714187654
0.597 0.249927152871 0.728083174312 0.826814838436
0.598 0.253238892005 0.727687531001 0.827909308692
0.599 0.256542992939 0.727288729483 0.828997566863
0.6 0.259839513483 0.726886776474 0.830079581468
0.601 0.263128508672 0.72648167889 0.831155321107
0.602 0.266410030875 0.726073443846 0.832224754462
0.603 0.269684129893 0.725662078657 0.833287850298
0.604 0.272950853054 0.725247590845 0.834344577465
0.605 0.276210245302 0.724829988134 0.8353949049
0.606 0.27946234929 0.724409278454 0.836438801629
0.607 0.282707205454 0.723985469942 0.837476236768
0.608 0.285944852096 0.723558570946 0.838507179526
0.609 0.289175325459 0.723128590021 0.839531599206
0.61 0.292398659794 0.722695535936 0.840549465206
0.611 0.295614887435 0.722259417672 0.841560747023
0.612 0.298824038859 0.721820244424 0.842565414253
0.613 0.302026142748 0.721378025602 0.843563436593
0.614 0.305221226052 0.720932770835 0.844554783845
0.615 0.308409314044 0.720484489969 0.845539425914
0.616 0.311590430374 0.720033193069 0.846517332815
0.617 0.314764597125 0.719578890422 0.84748847467
0.618 0.317931834857 0.719121592536 0.848452821714
0.619 0.321092162661 0.718661310143 0.849410344294
0.62 0.324245598203 0.718198054201 0.850361012873
0.621 0.327392157766 0.717731835892 0.851304798029
0.622 0.330531856299 0.717262666626 0.852241670463
0.623 0.33366470745 0.716790558042 0.853171600994
0.624 0.336790723614 0.716315522007 0.854094560565
0.625 0.339909915963 0.715837570621 0.855010520246
0.626 0.343022294488 0.715356716213 0.855919451232
0.627 0.346127868032 0.714872971348 0.856821324849
0.628 0.349226644327 0.714386348823 0.857716112554
0.629 0.35231863002 0.713896861673 0.858603785939
0.63 0.355403830714 0.713404523168 0.859484316729
0.631 0.358482250989 0.712909346813 0.860357676789
0.632 0.361553894439 0.712411346356 0.861223838124
0.633 0.364618763698 0.711910535782 0.86208277288
0.634 0.367676860465 0.711406929318 0.862934453348
0.635 0.370728185534 0.710900541431 0.863778851966
0.636 0.37377273882 0.710391386832 0.864615941319
0.637 0.37681051938 0.709879480474 0.865445694145
0.638 0.379841525441 0.709364837558 0.866268083332
0.639 0.382865754424 0.708847473527 0.867083081927
0.64 0.385883202962 0.70832740407 0.86789066313
0.641 0.388893866928 0.707804645127 0.868690800304
0.642 0.391897741451 0.707279212883 0.869483466971
0.643 0.39489482094 0.706751123773 0.870268636818
0.644 0.397885099104 0.70622039448 0.871046283699
0.645 0.40086856897 0.70568704194 0.871816381635
0.646 0.403845222904 0.705151083338 0.872578904818
0.647 0.406815052626 0.704612536113 0.873333827611
0.648 0.409778049234 0.704071417954 0.874081124555
0.649 0.412734203215 0.703527746806 0.874820770365
0.65 0.415683504467 0.702981540867 0.875552739937
0.651 0.418625942311 0.702432818588 0.876277008347
0.652 0.421561505513 0.701881598678 0.876993550856
0.653 0.424490182293 0.701327900098 0.877702342912
0.654 0.427411960347 0.70077174207 0.878403360147
0.655 0.430326826857 0.700213144067 0.879096578387
0.656 0.433234768507 0.699652125825 0.879781973648
0.657 0.436135771501 0.699088707333 0.880459522143
0.658 0.439029821569 0.698522908841 0.88112920028
0.659 0.441916903989 0.697954750856 0.881790984667
0.66 0.444797003595 0.697384254144 0.882444852111
0.661 0.447670104791 0.69681143973 0.883090779625
0.662 0.450536191566 0.6962363289 0.883728744427
0.663 0.453395247503 0.695658943196 0.884358723942
0.664 0.456247255795 0.695079304425 0.884980695803
0.665 0.459092199253 0.694497434648 0.885594637859
0.666 0.461930060319 0.693913356192 0.88620052817
0.667 0.46476082108 0.69332709164 0.886798345013
0.668 0.467584463276 0.692738663838 0.887388066884
0.669 0.470400968312 0.692148095891 0.887969672498
0.67 0.473210317269 0.691555411164 0.888543140794
0.671 0.476012490914 0.690960633284 0.889108450935
0.672 0.478807469711 0.690363786138 0.88966558231
0.673 0.48159523383 0.689764893873 0.890214514538
0.674 0.48437576316 0.689163980895 0.890755227468
0.675 0.487149037314 0.688561071871 0.891287701183
0.676 0.489915035642 0.687956191728 0.891811915998
0.677 0.492673737241 0.687349365652 0.892327852469
0.678 0.495425120962 0.686740619087 0.892835491387
0.679 0.498169165419 0.686129977739 0.893334813787
0.68 0.500905848999 0.685517467568 0.893825800944
0.681 0.503635149872 0.684903114797 0.89430843438
0.682 0.506357045998 0.684286945901 0.894782695864
0.683 0.509071515136 0.683668987618 0.895248567411
0.684 0.511778534851 0.683049266938 0.895706031289
0.685 0.514478082525 0.682427811108 0.896155070018
0.686 0.517170135362 0.681804647632 0.896595666371
0.687 0.5198546704 0.681179804267 0.897027803379
0.688 0.522531664515 0.680553309025 0.89745146433
0.689 0.525201094429 0.679925190169 0.897866632772
0.69 0.527862936722 0.679295476217 0.898273292514
0.691 0.530517167833 0.678664195938 0.898671427631
0.692 0.533163764072 0.67803137835 0.899061022459
0.693 0.535802701627 0.677397052723 0.899442061604
0.694 0.53843395657 0.676761248574 0.89981452994
0.695 0.541057504863 0.676123995668 0.90017841261
0.696 0.543673322368 0.675485324017 0.90053369503
0.697 0.54628138485 0.674845263879 0.900880362891
0.698 0.548881667989 0.674203845754 0.901218402156
0.699 0.551474147381 0.673561100389 0.901547799067
0.7 0.554058798548 0.672917058769 0.901868540145
0.701 0.556635596945 0.672271752123 0.902180612188
0.702 0.559204517965 0.671625211915 0.902484002278
0.703 0.561765536944 0.670977469851 0.902778697779
0.704 0.56431862917 0.670328557871 0.903064686341
0.705 0.566863769889 0.66967850815 0.903341955897
0.706 0.569400934309 0.669027353097 0.903610494669
0.707 0.571930097607 0.668375125352 0.903870291168
0.708 0.574451234935 0.667721857786 0.904121334194
0.709 0.576964321428 0.667067583495 0.90436361284
0.71 0.579469332205 0.666412335807 0.90459711649
0.711 0.581966242379 0.665756148269 0.904821834822
0.712 0.584455027062 0.665099054656 0.905037757811
0.713 0.586935661367 0.66444108896 0.905244875727
0.714 0.589408120419 0.663782285394 0.905443179137
0.715 0.591872379357 0.663122678387 0.90563265891
0.716 0.594328413337 0.662462302583 0.905813306211
0.717 0.596776197546 0.661801192841 0.905985112509
0.718 0.599215707196 0.661139384227 0.906148069573
0.719 0.601646917537 0.660476912017 0.906302169477
0.72 0.604069803861 0.659813811695 0.906447404599
0.721 0.606484341504 0.659150118946 0.90658376762
0.722 0.608890505852 0.658485869657 0.90671125153
0.723 0.61128827235 0.657821099914 0.906829849625
0.724 0.6136776165 0.657155846002 0.906939555509
0.725 0.61605851387 0.656490144396 0.907040363094
0.726 0.618430940101 0.655824031765 0.907132266603
0.727 0.620794870903 0.655157544965 0.907215260568
0.728 0.623150282071 0.65449072104 0.907289339833
0.729 0.62549714948 0.653823597216 0.907354499555
0.73 0.627835449095 0.653156210899 0.907410735201
0.731 0.630165156972 0.652488599674 0.907458042554
0.732 0.632486249265 0.651820801298 0.907496417709
0.733 0.634798702229 0.651152853704 0.907525857077
0.734 0.637102492226 0.65048479499 0.907546357382
0.735 0.639397595725 0.64981666342 0.907557915666
0.736 0.64168398931 0.649148497423 0.907560529284
0.737 0.643961649684 0.648480335584 0.907554195912
0.738 0.646230553669 0.647812216646 0.907538913538
0.739 0.648490678216 0.647144179505 0.907514680471
0.74 0.650742000403 0.646476263206 0.907481495335
0.741 0.652984497443 0.645808506939 0.907439357075
0.742 0.655218146687 0.645140950037 0.907388264951
0.743 0.657442925625 0.644473631974 0.907328218545
0.744 0.659658811892 0.643806592357 0.907259217754
0.745 0.661865783273 0.643139870927 0.907181262796
0.746 0.664063817703 0.642473507551 0.907094354209
0.747 0.666252893273 0.641807542223 0.906998492848
0.748 0.668432988234 0.641142015055 0.906893679889
0.749 0.670604080996 0.640476966279 0.906779916826
0.75 0.672766150139 0.639812436239 0.906657205472
0.751 0.674919174407 0.639148465387 0.906525547962
0.752 0.677063132719 0.638485094281 0.906384946746
0.753 0.679198004169 0.637822363582 0.906235404597
0.754 0.681323768028 0.637160314045 0.906076924604
0.755 0.68344040375 0.636498986521 0.905909510177
0.756 0.685547890972 0.635838421949 0.905733165043
0.757 0.68764620952 0.63517866135 0.905547893248
0.758 0.689735339407 0.634519745831 0.905353699156
0.759 0.691815260843 0.633861716569 0.905150587448
0.76 0.693885954232 0.633204614818 0.904938563123
0.761 0.695947400176 0.632548481895 0.904717631498
0.762 0.697999579479 0.631893359184 0.904487798205
0.763 0.70004247315 0.631239288125 0.904249069193
0.764 0.702076062404 0.630586310212 0.904001450725
0.765 0.704100328663 0.629934466989 0.903744949382
0.766 0.706115253564 0.629283800045 0.903479572058
0.767 0.708120818956 0.628634351007 0.90320532596
0.768 0.710117006904 0.627986161541 0.90292221861
0.769 0.712103799693 0.62733927334 0.902630257842
0.77 0.714081179828 0.626693728125 0.902329451803
0.771 0.716049130038 0.626049567636 0.902019808949
0.772 0.718007633277 0.625406833632 0.901701338049
0.773 0.719956672726 0.624765567881 0.901374048181
0.774 0.721896231797 0.624125812157 0.901037948732
0.775 0.723826294131 0.623487608237 0.900693049396
0.776 0.725746843605 0.622850997893 0.900339360176
0.777 0.72765786433 0.622216022887 0.899976891381
0.778 0.729559340655 0.62158272497 0.899605653623
0.779 0.731451257168 0.620951145872 0.899225657822
0.78 0.733333598698 0.620321327299 0.8988369152
0.781 0.735206350315 0.619693310928 0.89843943728
0.782 0.737069497335 0.6190671384 0.898033235889
0.783 0.738923025319 0.618442851319 0.897618323151
0.784 0.740766920076 0.61782049124 0.897194711492
0.785 0.742601167663 0.61720009967 0.896762413634
0.786 0.744425754388 0.616581718061 0.896321442597
0.787 0.746240666809 0.615965387801 0.895871811696
0.788 0.748045891741 0.615351150214 0.895413534541
0.789 0.749841416248 0.61473904655 0.894946625034
0.79 0.751627227655 0.614129117982 0.894471097369
0.791 0.753403313539 0.613521405602 0.893986966031
0.792 0.755169661738 0.612915950411 0.893494245794
0.793 0.756926260349 0.612312793318 0.892992951719
0.794 0.758673097727 0.611711975131 0.892483099155
0.795 0.76041016249 0.611113536555 0.891964703733
0.796 0.762137443517 0.610517518182 0.891437781371
0.797 0.763854929951 0.609923960492 0.890902348267
0.798 0.765562611199 0.609332903838 0.890358420899
0.799 0.767260476932 0.608744388451 0.889806016024
0.8 0.768948517085 0.608158454426 0.889245150679
0.801 0.770626721862 0.60757514172 0.888675842173
0.802 0.772295081731 0.606994490148 0.888098108093
0.803 0.773953587431 0.606416539372 0.887511966296
0.804 0.775602229965 0.605841328902 0.88691743491
0.805 0.777241000607 0.605268898086 0.886314532335
0.806 0.778869890901 0.604699286106 0.885703277235
0.807 0.780488892656 0.604132531969 0.885083688543
0.808 0.782097997957 0.603568674509 0.884455785454
0.809 0.783697199154 0.603007752373 0.883819587428
0.81 0.78528648887 0.60244980402 0.883175114184
0.811 0.786865859999 0.601894867716 0.882522385699
0.812 0.788435305705 0.601342981524 0.88186142221
0.813 0.789994819424 0.600794183305 0.881192244208
0.814 0.791544394862 0.600248510705 0.880514872437
0.815 0.793084025998 0.599706001155 0.879829327893
0.816 0.794613707082 0.599166691863 0.879135631822
0.817 0.796133432634 0.598630619809 0.878433805718
0.818 0.797643197447 0.59809782174 0.877723871322
0.819 0.799142996586 0.597568334164 0.877005850617
0.82 0.800632825384 0.597042193344 0.876279765831
0.821 0.802112679448 0.596519435294 0.87554563943
0.822 0.803582554654 0.59600009577 0.874803494119
0.823 0.805042447151 0.595484210272 0.874053352841
0.824 0.806492353354 0.594971814028 0.873295238771
0.825 0.807932269952 0.594462942 0.872529175318
0.826 0.809362193902 0.59395762887 0.871755186122
0.827 0.810782122429 0.593455909038 0.870973295049
0.828 0.812192053028 0.592957816618 0.870183526194
0.829 0.813591983463 0.59246338543 0.869385903876
0.83 0.814981911763 0.591972648999 0.868580452636
0.831 0.816361836227 0.591485640543 0.867767197235
0.832 0.817731755418 0.591002392976 0.866946162653
0.833 0.819091668166 0.590522938896 0.866117374086
0.834 0.820441573566 0.590047310585 0.865280856944
0.835 0.821781470979 0.589575540001 0.86443663685
0.836 0.823111360027 0.589107658776 0.863584739637
0.837 0.824431240596 0.588643698205 0.862725191344
0.838 0.825741112835 0.588183689251 0.86185801822
0.839 0.827040977153 0.587727662531 0.860983246714
0.84 0.82833083422 0.587275648315 0.860100903478
0.841 0.829610684966 0.586827676524 0.859211015364
0.842 0.830880530579 0.586383776721 0.858313609423
0.843 0.832140372503 0.585943978108 0.857408712898
0.844 0.833390212441 0.585508309523 0.856496353229
0.845 0.83463005235 0.585076799434 0.855576558046
0.846 0.835859894442 0.584649475935 0.854649355167
0.847 0.837079741181 0.584226366741 0.853714772599
0.848 0.838289595286 0.583807499187 0.852772838534
0.849 0.839489459723 0.58339290022 0.851823581344
0.85 0.840679337711 0.582982596395 0.850867029586
0.851 0.841859232715 0.582576613876 0.849903211994
0.852 0.84302914845 0.582174978426 0.848932157477
0.853 0.844189088874 0.581777715407 0.847953895123
0.854 0.845339058192 0.581384849775 0.846968454187
0.855 0.846479060851 0.580996406076 0.845975864099
0.856 0.847609101541 0.580612408442 0.844976154456
0.857 0.848729185191 0.58023288059 0.84396935502
0.858 0.84983931697 0.579857845816 0.84295549572
0.859 0.850939502286 0.579487326993 0.841934606644
0.86 0.85202974678 0.579121346567 0.840906718044
0.861 0.853110056331 0.578759926554 0.839871860327
0.862 0.854180437049 0.578403088536 0.838830064058
0.863 0.855240895277 0.578050853662 0.837781359956
0.864 0.856291437586 0.57770324264 0.836725778891
0.865 0.857332070779 0.577360275737 0.835663351885
0.866 0.858362801882 0.577021972774 0.834594110106
0.867 0.85938363815 0.576688353129 0.833518084872
0.868 0.860394587058 0.576359435726 0.832435307641
0.869 0.861395656305 0.576035239041 0.831345810017
0.87 0.862386853811 0.575715781094 0.830249623741
0.871 0.863368187711 0.575401079447 0.829146780696
0.872 0.864339666362 0.575091151207 0.828037312898
0.873 0.865301298331 0.574786013017 0.826921252502
0.874 0.866253092401 0.574485681061 0.825798631792
0.875 0.867195057566 0.574190171055 0.824669483185
0.876 0.86812720303 0.573899498252 0.823533839228
0.877 0.869049538204 0.573613677436 0.822391732592
0.878 0.869962072705 0.573332722921 0.821243196078
0.879 0.870864816356 0.573056648552 0.820088262606
0.88 0.871757779179 0.572785467702 0.818926965222
0.881 0.8726409714 0.572519193269 0.817759337091
0.882 0.873514403441 0.572257837679 0.816585411495
0.883 0.874378085922 0.572001412882 0.815405221835
0.884 0.875232029657 0.571749930352 0.814218801625
0.885 0.876076245653 0.571503401086 0.813026184495
0.886 0.876910745107 0.571261835604 0.811827404183
0.887 0.877735539405 0.571025243947 0.810622494541
0.888 0.878550640122 0.570793635679 0.809411489527
0.889 0.879356059016 0.570567019883 0.808194423208
0.89 0.880151808027 0.570345405164 0.806971329753
0.891 0.880937899278 0.570128799649 0.805742243439
0.892 0.881714345069 0.569917210984 0.804507198641
0.893 0.882481157878 0.569710646336 0.803266229839
0.894 0.883238350358 0.569509112393 0.80201937161
0.895 0.883985935333 0.569312615366 0.800766658628
0.896 0.8847239258 0.569121160984 0.799508125665
0.897 0.885452334923 0.568934754503 0.798243807588
0.898 0.886171176033 0.568753400698 0.796973739357
0.899 0.886880462627 0.568577103869 0.795697956026
0.9 0.887580208361 0.568405867841 0.794416492736
0.901 0.888270427054 0.568239695961 0.793129384723
0.902 0.888951132683 0.568078591107 0.791836667308
0.903 0.88962233938 0.567922555681 0.790538375899
0.904 0.890284061433 0.567771591616 0.789234545993
0.905 0.89093631328 0.567625700372 0.787925213169
0.906 0.891579109509 0.567484882943 0.78661041309
0.907 0.892212464858 0.567349139855 0.785290181504
0.908 0.892836394206 0.567218471169 0.783964554237
0.909 0.893450912581 0.567092876483 0.782633567199
0.91 0.894056035148 0.566972354931 0.781297256376
0.911 0.894651777214 0.566856905188 0.779955657835
0.912 0.89523815422 0.566746525474 0.77860880772
0.913 0.895815181747 0.566641213548 0.77725674225
0.914 0.896382875503 0.56654096672 0.775899497722
0.915 0.89694125133 0.566445781847 0.774537110506
0.916 0.8974903252 0.566355655337 0.773169617046
0.917 0.898030113207 0.566270583151 0.77179705386
0.918 0.898560631574 0.566190560809 0.770419457539
0.919 0.899081896642 0.566115583387 0.769036864744
0.92 0.899593924875 0.566045645524 0.767649312208
0.921 0.900096732855 0.565980741423 0.766256836734
0.922 0.900590337277 0.565920864856 0.764859475195
0.923 0.901074754952 0.565866009162 0.763457264532
0.924 0.901550002803 0.565816167257 0.762050241758
0.925 0.902016097861 0.565771331632 0.760638443949
0.926 0.902473057264 0.565731494358 0.759221908253
0.927 0.902920898258 0.56569664709 0.757800671884
0.928 0.903359638188 0.565666781068 0.75637477212
0.929 0.903789294504 0.565641887125 0.75494424631
0.93 0.904209884752 0.565621955683 0.753509131865
0.931 0.904621426576 0.565606976767 0.752069466265
0.932 0.905023937714 0.565596939997 0.750625287054
0.933 0.905417435999 0.565591834602 0.749176631842
0.934 0.905801939352 0.565591649417 0.747723538303
0.935 0.906177465782 0.565596372891 0.746266044177
0.936 0.906544033388 0.565605993088 0.744804187271
0.937 0.906901660349 0.565620497693 0.743338005453
0.938 0.907250364929 0.565639874013 0.74186753666
0.939 0.907590165472 0.565664108987 0.740392818891
0.94 0.9079210804 0.565693189185 0.738913890213
0.941 0.90824312821 0.565727100811 0.737430788755
0.942 0.908556327473 0.565765829714 0.735943552714
0.943 0.908860696836 0.565809361387 0.734452220353
0.944 0.909156255011 0.56585768097 0.732956829999
0.945 0.909443020781 0.565910773262 0.731457420047
0.946 0.909721012994 0.565968622715 0.729954028958
0.947 0.909990250563 0.566031213448 0.72844669526
0.948 0.910250752462 0.566098529246 0.726935457548
0.949 0.910502537726 0.566170553566 0.725420354487
0.95 0.910745625449 0.566247269541 0.723901424809
0.951 0.910980034778 0.566328659986 0.722378707316
0.952 0.911205784917 0.566414707402 0.720852240878
0.953 0.911422895123 0.56650539398 0.719322064437
0.954 0.911631384702 0.566600701606 0.717788217007
0.955 0.911831273007 0.566700611868 0.716250737672
0.956 0.91202257944 0.566805106057 0.714709665591
0.957 0.912205323448 0.566914165174 0.713165039995
0.958 0.912379524518 0.567027769933 0.711616900191
0.959 0.912545202181 0.567145900771 0.71006528556
0.96 0.912702376006 0.567268537845 0.708510235561
0.961 0.912851065598 0.567395661043 0.706951789731
0.962 0.912991290599 0.567527249987 0.705389987685
0.963 0.913123070683 0.567663284037 0.703824869118
0.964 0.913246425558 0.567803742296 0.702256473807
0.965 0.91336137496 0.567948603618 0.700684841613
0.966 0.913467938653 0.568097846607 0.699110012477
0.967 0.913566136429 0.568251449629 0.697532026429
0.968 0.913655988104 0.56840939081 0.695950923584
0.969 0.913737513515 0.568571648046 0.694366744147
0.97 0.913810732522 0.568738199006 0.692779528411
0.971 0.913875665005 0.568909021137 0.691189316763
0.972 0.913932330859 0.569084091668 0.689596149679
0.973 0.913980749996 0.569263387618 0.688000067735
0.974 0.914020942344 0.569446885796 0.6864011116
0.975 0.914052927841 0.569634562811 0.684799322044
0.976 0.914076726436 0.569826395074 0.683194739935
0.977 0.914092358089 0.570022358804 0.681587406245
0.978 0.914099842767 0.57022243003 0.679977362052
0.979 0.914099200441 0.570426584601 0.678364648536
0.98 0.914090451088 0.570634798187 0.676749306991
0.981 0.914073614687 0.570847046285 0.675131378818
0.982 0.914048711219 0.571063304222 0.673510905534
0.983 0.914015760663 0.571283547166 0.671887928768
0.984 0.913974782996 0.57150775012 0.670262490269
0.985 0.913925798193 0.571735887939 0.668634631908
0.986 0.913868826222 0.571967935325 0.667004395675
0.987 0.913803887045 0.572203866836 0.665371823688
0.988 0.913731000615 0.572443656892 0.663736958192
0.989 0.913650186877 0.572687279774 0.662099841563
0.99 0.913561465762 0.572934709638 0.66046051631
0.991 0.913464857191 0.573185920508 0.658819025079
0.992 0.913360381069 0.57344088629 0.657175410654
0.993 0.913248057286 0.573699580772 0.655529715963
0.994 0.913127905715 0.573961977631 0.653881984077
0.995 0.91299994621 0.574228050435 0.652232258216
0.996 0.912864198605 0.574497772647 0.650580581752
0.997 0.912720682713 0.574771117634 0.648926998211
0.998 0.912569418325 0.575048058665 0.647271551276
0.999 0.912410425206 0.57532856892 0.645614284793
